q1 = [-1.65678563, 0.026953827, 0.23624158, 1.06801513, 0.30564282, 1.0519700413, -1.17599466]
q2 = [-1.213805, 0.3627, 0.398958,0.570492, 0.6025326, 0.954379,-0.24503349]

pos:[-1.0656752484057888, 0.4177781487877951, 0.062511615597414, 0.9097037649662605, 0.8435878640646375, 0.45912728438203926, -0.5286585707259968]  J1
pos:[-0.9951387110380868, 0.10538049329648791, 0.6698854232384039, 0.7302954092167716, 0.1696909291866267, 0.32039979536870566, -0.2561605528938462] J4
pos:[-0.9944182336754599, 0.1759170306641898, 0.19491902782501574, 0.8143007915097886, 0.5132656050970651, 1.2908628686709713, -0.4972347464672305] J3
pos:[-1.1122803565387227, 0.7043620211443485, -0.27391524141897805, 0.5592423126844668, 1.0639666064390845, 1.1107378325410036, -0.5618954539605436] J1
pos:[-0.574990296144258, 0.5960606993303333, -0.41236649998102776, 0.30776628651600146, 1.6455323264185429, -0.1776997137827846, 0.6445092422962339] J1
pos:[-0.7145540704757397, 0.713839288586335, -0.41257438475364344, 0.4187701103740207, 2.0058032820802936, -0.23308154615135637, 0.8924398363837877] J1
